-6.28318530717959
-6.24115731181384
-6.19912931644809
-6.15710132108234
-6.11507332571659
-6.07304533035084
-6.03101733498509
-5.98898933961934
-5.94696134425359
-5.90493334888784
-5.86290535352209
-5.82087735815634
-5.77884936279059
-5.73682136742484
-5.69479337205909
-5.65276537669334
-5.61073738132759
-5.56870938596184
-5.52668139059609
-5.48465339523034
-5.44262539986459
-5.40059740449884
-5.35856940913309
-5.31654141376734
-5.27451341840159
-5.23248542303584
-5.19045742767009
-5.14842943230434
-5.10640143693859
-5.06437344157284
-5.02234544620709
-4.98031745084134
-4.93828945547559
-4.89626146010984
-4.85423346474410
-4.81220546937835
-4.77017747401260
-4.72814947864685
-4.68612148328110
-4.64409348791535
-4.60206549254960
-4.56003749718385
-4.51800950181810
-4.47598150645235
-4.43395351108660
-4.39192551572085
-4.34989752035510
-4.30786952498935
-4.26584152962360
-4.22381353425785
-4.18178553889210
-4.13975754352635
-4.09772954816060
-4.05570155279485
-4.01367355742910
-3.97164556206335
-3.92961756669760
-3.88758957133185
-3.84556157596610
-3.80353358060035
-3.76150558523460
-3.71947758986885
-3.67744959450310
-3.63542159913735
-3.59339360377160
-3.55136560840585
-3.50933761304010
-3.46730961767435
-3.42528162230860
-3.38325362694285
-3.34122563157710
-3.29919763621135
-3.25716964084561
-3.21514164547986
-3.17311365011411
-3.13108565474836
-3.08905765938261
-3.04702966401686
-3.00500166865111
-2.96297367328536
-2.92094567791961
-2.87891768255386
-2.83688968718811
-2.79486169182236
-2.75283369645661
-2.71080570109086
-2.66877770572511
-2.62674971035936
-2.58472171499361
-2.54269371962786
-2.50066572426211
-2.45863772889636
-2.41660973353061
-2.37458173816486
-2.33255374279911
-2.29052574743336
-2.24849775206761
-2.20646975670186
-2.16444176133611
-2.12241376597036
-2.08038577060461
-2.03835777523886
-1.99632977987311
-1.95430178450736
-1.91227378914161
-1.87024579377586
-1.82821779841011
-1.78618980304436
-1.74416180767861
-1.70213381231286
-1.66010581694711
-1.61807782158137
-1.57604982621562
-1.53402183084987
-1.49199383548412
-1.44996584011837
-1.40793784475262
-1.36590984938687
-1.32388185402112
-1.28185385865537
-1.23982586328962
-1.19779786792387
-1.15576987255812
-1.11374187719237
-1.07171388182662
-1.02968588646087
-0.987657891095119
-0.945629895729369
-0.903601900363619
-0.861573904997870
-0.819545909632121
-0.777517914266370
-0.735489918900620
-0.693461923534871
-0.651433928169121
-0.609405932803371
-0.567377937437621
-0.525349942071872
-0.483321946706122
-0.441293951340373
-0.399265955974623
-0.357237960608873
-0.315209965243123
-0.273181969877373
-0.231153974511623
-0.189125979145874
-0.147097983780125
-0.105069988414374
-0.0630419930486248
-0.0210139976828749
0.0210139976828749
0.0630419930486248
0.105069988414374
0.147097983780125
0.189125979145874
0.231153974511623
0.273181969877373
0.315209965243123
0.357237960608873
0.399265955974623
0.441293951340373
0.483321946706122
0.525349942071872
0.567377937437621
0.609405932803370
0.651433928169120
0.693461923534872
0.735489918900621
0.777517914266371
0.819545909632121
0.861573904997870
0.903601900363619
0.945629895729369
0.987657891095118
1.02968588646087
1.07171388182662
1.11374187719237
1.15576987255812
1.19779786792387
1.23982586328962
1.28185385865537
1.32388185402112
1.36590984938687
1.40793784475262
1.44996584011837
1.49199383548412
1.53402183084986
1.57604982621562
1.61807782158137
1.66010581694712
1.70213381231286
1.74416180767861
1.78618980304436
1.82821779841011
1.87024579377586
1.91227378914161
1.95430178450736
1.99632977987311
2.03835777523886
2.08038577060461
2.12241376597036
2.16444176133611
2.20646975670186
2.24849775206761
2.29052574743336
2.33255374279911
2.37458173816486
2.41660973353061
2.45863772889636
2.50066572426211
2.54269371962786
2.58472171499361
2.62674971035936
2.66877770572511
2.71080570109086
2.75283369645661
2.79486169182236
2.83688968718811
2.87891768255386
2.92094567791961
2.96297367328536
3.00500166865111
3.04702966401686
3.08905765938261
3.13108565474836
3.17311365011411
3.21514164547986
3.25716964084561
3.29919763621135
3.34122563157710
3.38325362694286
3.42528162230860
3.46730961767435
3.50933761304010
3.55136560840585
3.59339360377160
3.63542159913735
3.67744959450310
3.71947758986885
3.76150558523460
3.80353358060035
3.84556157596610
3.88758957133185
3.92961756669760
3.97164556206335
4.01367355742910
4.05570155279485
4.09772954816060
4.13975754352635
4.18178553889210
4.22381353425785
4.26584152962360
4.30786952498935
4.34989752035510
4.39192551572085
4.43395351108660
4.47598150645235
4.51800950181810
4.56003749718385
4.60206549254960
4.64409348791535
4.68612148328110
4.72814947864685
4.77017747401260
4.81220546937835
4.85423346474410
4.89626146010984
4.93828945547559
4.98031745084134
5.02234544620709
5.06437344157284
5.10640143693859
5.14842943230434
5.19045742767009
5.23248542303584
5.27451341840159
5.31654141376734
5.35856940913309
5.40059740449884
5.44262539986459
5.48465339523034
5.52668139059609
5.56870938596184
5.61073738132759
5.65276537669334
5.69479337205909
5.73682136742484
5.77884936279059
5.82087735815634
5.86290535352209
5.90493334888784
5.94696134425359
5.98898933961934
6.03101733498509
6.07304533035084
6.11507332571659
6.15710132108234
6.19912931644809
6.24115731181384
6.28318530717959